RRCCCCCCOOOOCOGOGOG

0: 0,0,0,0; bots 1,0,0,0
1: 1,0,0,0; bots 1,0,0,0
2: 2,0,0,0; bots 1,0,0,0
3: 1,0,0,0; bots 2,0,0,0
4: 3,0,0,0; bots 2,0,0,0
5: 3,0,0,0; bots 3,0,0,0
6: 3,0,0,0; bots 3,1,0,0
7: 3,1,0,0; bots 3,2,0,0
8: 3,3,0,0; bots 3,3,0,0
9: 3,6,0,0; bots 3,4,0,0
10: 3,10,0,0; bots 3,5,0,0
11: 3,15,0,0; bots 3,6,0,0
12: 3,13,0,0; bots 3,6,1,0
13: 3,11,1,0; bots 3,6,2,0
14: 3,9,3,0; bots 3,6,3,0
15: 3,7,6,0; bots 3,6,4,0
16: 3,13,10,0; bots 3,7,4,0
17: 3,12,14,0; bots 3,7,5,0
18: 3,19,7,0; bots 3,7,5,1
19: 3,18,12,1; bots 3,7,6,1
20: 3,25,6,2; bots 3,7,6,2
21: 3,24,12,4; bots 3,7,7,2
22: 3,31,7,6; bots 3,7,7,3
23: 6,38,14,9; bots 3,7,7,3
24: 9,45,21,12; bots 3,7,7,3
